


sample solution 250-500: -45.77 


solution 1
days   |     3   |    5   |   7   |   9   |   11  |   13  |  15   |   17  |   19  | 21
-----------------------------------------------------------------------------------------
result | -108.98 | -35.15 | -7.51 | -2.32 | -2.20 | -1.48 | -0.24 | -0.31 | -0.33 | 0


solution 2
price diff |   0.3  |  0.5   |  0.7   |  0.9   |  1.1  |  1.5  |  1.7  |  1.9
--------------------------------------------------------------------------------
result     | -58.45 | -25.69 | -20.18 | -13.31 | -9.65 | -2.83 | -1.44 |   0   |


solution 3
        |  0.5  |  0.7  |  0.8  |  0.9  |  1.1
    ---------------------------------------------
    3   | -5.87 | -4.14 |       | -2.56 |
    4   |       | -1.42 | -1.42 |       |
    5   | -2.56 | -0.69 | -0.69 | -0.69 | -0.69
    6   |       | -1.16 | -1.57 |       |
    7   | -1.57 | -1.57 | -1.57 |       |